XE: 48.511703
YE: 72.451218
distance: 17.643991
